Пятницкое шоссе	2	155	197
Митино	2	155	212
Волоколамская	2	155	227
Мякинино	2	155	242
Стропино	2	155	257
Крылатское	2	155	272
Молодежная	2	155	287
Кунцевская	2	155	308
Кунцевская	3	155	308
Славянский бульвар	2	155	339
Парк Победы	2	215	447
Парк Победы	7	215	447
Киевская	2	369	339
Киевская	3	369	339
Киевская	4	369	339
Смоленская	2	405	386
Арбатская	2	460	431
Александровский сад	3	460	431
Боровицкая	8	460	431
Библиотека имени Ленина	0	460	431
Площадь Революции	2	513	388
Охотный ряд	0	513	388
Театральная	1	513	388
Курская	2	682	383
Курская	4	682	383
Чкаловская	9	682	383
Бауманская	2	711	348
Электрозаводская	2	730	330
Семёновская	2	760	300
Партизанская	2	778	282
Измайлово	12	778	282
Измайловская	2	784	253
Первомайская	2	784	238
Щёлковская	2	784	223
Ховарино	1	405	46
Беломорская	1	405	61
Речной вокзал	1	405	76
Водный стадион	1	405	91
Войковская	1	405	130
Балтийская	12	405	130
Сокол	1	405	151
Аэропорт	1	405	166
Динамо	1	394	190
Петровский парк	7	394	190
Петровский парк	10	394	190
Белорусская	1	444	228
Белорусская	4	444	228
Маяковская	1	450	299
Тверская	1	462	329
Пушкинская	6	462	329
Чеховская	8	462	329
Новокузнецкая	1	562	429
Третьяковская	5	562	429
Третьяковская	7	562	429
Павлецкая	1	625	494
Павлецкая	4	625	494
Автозаводская	1	667	587
Автозаводская	12	667	587
Технопарк	1	667	628
Коломенская	1	667	641
Каширская	1	667	667
Каширская	10	667	667
Кантемировская	1	667	700
Царицыно	1	667	715
Орехово	1	667	730
Домодедовская	1	667	745
Красногвардейская	1	689	757
Зябликово	9	689	757
Алма-Атинская	1	682	781
Бульвар Рокоссовского	0	698	163
Бульвар Рокоссовского	12	698	163
Черкизовская	0	717	183
Локомотив	12	717	183
Преображенская площадь	0	692	203
Сокольники	0	678	216
Красносельская	0	661	232
Комсомольская	0	644	251
Комсомольская	4	644	251
Красные ворота	0	618	274
Чистые пруды	0	594	299
Тургеневская	5	594	299
Сретенский бульвар	9	594	299
Лубянка	0	558	336
Кузнецкий мост	6	558	336
Парк Культуры	0	415	479
Парк Культуры	4	415	479
Фрунзенская	0	375	519
Спортивная	0	344	551
Лужники	12	344	551
Воробьёвы горы	0	323	573
Университет	0	307	590
Проспект Вернадского	0	294	606
Юго-Западная	0	294	625
Тропарёво	0	294	644
Румянцево	0	294	663
Саларьево	0	294	682
Филатов Луг	0	294	701
Прокшино	0	308	712
Ольховая	0	322	723
Коммунарка	0	336	734
Пионерская	3	174	339
Филёвский парк	3	174	354
Багратионовская	3	174	369
Фили	3	174	384
Кутузовская	3	270	411
Кутузовская	12	270	411
Международная	3	271	305
Деловой центр	12	271	305
Деловой центр	3	320	305
Деловой центр	10	320	305
Студентческая	3	309	368
Смоленская	3	405	364
Арбатская	3	428	387
Медведково	5	600	46
Бабушкинская	5	600	61
Свиблово	5	600	76
Ботанический сад	5	600	109
Ботанический сад	12	600	109
ВДНХ	5	600	131
Алеексеевская	5	600	147
Рижская	5	600	165
Проспет Мира	5	600	215
Проспет Мира	4	600	215
Сухаревская	5	600	236
Китай-город	5	600	382
Китай-город	6	600	382
Октябрьская	5	466	513
Октябрьская	4	466	513
Шаболовская	5	466	567
Ленинский проспект	5	466	619
Площадь Гагарина	12	466	619
Академическая	5	466	648
Профсоюзная	5	466	667
Новые Черёмушки	5	466	686
Калужская	5	466	705
Беляево	5	466	724
Коньково	5	466	743
Тёплый Стан	5	466	762
Ясенево	5	481	774
Новоясеневская	5	496	791
Битцевский парк	11	496	791
Планерная	6	304	46
Сходненская	6	304	61
Тушинская	6	304	76
Спартак	6	304	91
Щукинская	6	304	106
Октябрьское Поле	6	308	212
Октябрьское Поле	12	308	212
Полежаевская	6	305	254
Хорошёво	12	305	254
Хорошёвская	7	305	254
Хорошёвская	10	305	254
Беговая	6	367	248
Улица 1905 года	6	381	261
Баррикадная	6	398	276
Краснопресненская	4	398	276
Таганская	6	667	440
Таганская	4	667	440
Марксистиская	7	667	440
Пролетарская	6	712	488
Крестьянская Застава	9	712	488
Волгоградский проспект	6	733	510
Текстильщики	6	770	548
Кузьминки	6	785	563
Рязанский проспект	6	800	578
Выхино	6	800	593
Лермонтовский проспект	6	800	614
Косино	13	800	614
Жулебино	6	800	634
Котельники	6	800	649
Новокосино	7	837	332
Новопиреево	7	821	347
Перово	7	806	362
Шоссе Энтузиастов	7	790	381
Шоссе Энтузиастов	12	790	381
Авиамоторная	7	765	403
Площадь Ильича	7	712	428
Римская	9	712	428
Савёловская	7	500	178
Савёловская	10	500	178
Савёловская	8	500	178
ЦСКА	7	354	219
ЦСКА	10	354	219
Шелепиха	7	289	284
Шелепиха	12	289	284
Шелепиха	10	289	284
Минская	7	174	512
Ломоносовский проспект	7	174	531
Раменки	7	174	550
Мичуринский проспект	7	174	569
Озёрная	7	174	588
Говорово	7	174	607
Солнцево	7	174	626
Боровское шоссе	7	174	645
Новопеределкино	7	174	664
Рассказовка	7	174	683
Алтуфьево	8	500	46
Бибирево	8	500	61
Отрадное	8	500	76
Владыкино	8	502	98
Владыкино	12	502	98
Петровско-Разумовская	8	500	124
Петровско-Разумовская	9	500	124
Тимирязевская	8	500	143
Дмитровская	8	500	156
Менделеевская	8	500	210
Новослободская	4	500	210
Цветной бульвар	8	542	254
Трубная	9	542	254
Полянка	8	529	499
Серпуховская	8	559	528
Добрынинская	4	559	528
Тульская	8	562	567
Нагатинская	8	562	625
Верхние Котлы	12	562	625
Нагорная	8	562	658
Нахимовский проспект	8	562	677
Севастопольская	8	562	701
Каховская	10	562	701
Чертановская	8	562	722
Южная	8	562	737
Пражская	8	562	752
Улица Академика Янгеля	8	562	775
Аннино	8	562	796
Бульвар Дмитрия Донского	8	529	826
Улица Старокачаловская	11	529	826
Селигерская	9	479	46
Верхние Лихоборы	9	479	76
Окружная	9	475	107
Окружная	12	475	107
Фонвизинская	9	524	139
Бутырская	9	524	157
Марьина Роща	9	524	175
Достоевская	9	524	193
Дубровка	9	695	568
Дубровка	12	695	568
Кожуховская	9	695	636
Печатники	9	695	651
Волжская	9	695	666
Люблино	9	695	681
Братиславская	9	695	696
Марьино	9	695	711
Борисово	9	695	726
Шипиловская	9	695	741
Варшавская	10	607	684
Лесопарковская	11	510	811
Улица Скобелевская	11	529	845
Бульвар Адмирала Ушакова	11	529	860
Улица Горчакова	11	529	875
Бунинская аллея	11	529	890
Крымская	12	526	627
ЗИЛ	12	627	607
Угрешская	12	731	531
Новохохловская	12	771	464
Нижегородская	12	780	441
Андроновка	12	786	416
Соколиная гора	12	787	314
Лихоборы	12	451	113
Коптево	12	428	121
Панфиловская	12	346	175
Зорге	12	303	231
Улица Дмитриевского	13	895	672
Лухмановская	13	895	687
Некрасовка	13	895	702
Белокаменская	12	682	151
Ростокино	12	658	136
Стрешнево	12	346	175